# x y
0.773956 -0.346199
0.438878 0.252743
0.858598 -0.929771
0.697368 -1.189948
0.094177 0.742595
0.975622 0.186121
0.761140 -1.031736
0.786064 -1.226483
0.128114 0.473460
0.450386 0.501888
0.370798 0.948503
0.926765 -0.281135
0.643865 -0.985417
0.822762 -0.827655
0.443414 0.383102
0.227239 1.055398
0.554585 -0.074854
0.063817 0.457395
0.827631 -0.679706
0.631664 -0.715814
0.758088 -0.911973
0.354526 0.981363
0.970698 -0.620218
0.893121 -0.718094
0.778383 -1.125252
0.194639 0.748446
0.466721 0.125035
0.043804 0.720248
0.154289 0.564814
0.683049 -0.622334
