# x    y   (200 training pairs for Sheet 9)
2.36432494e-02 2.58972921e-01
9.00927393e-01 -5.66250588e-01
-7.11680775e-01 1.02599597e+00
8.97298894e-01 -7.07942688e-01
-3.76337096e-01 -5.18298313e-01
-1.53347102e-01 -6.19191243e-01
6.55405188e-01 -9.34985987e-01
-1.81601727e-01 -8.71784668e-01
9.91873753e-02 5.16316629e-01
-9.44881774e-01 3.37079756e-01
5.07026217e-01 -1.70696385e-01
7.62866264e-02 6.47893135e-01
-3.40536567e-01 -9.39434622e-01
5.76857407e-01 -4.93966160e-01
-3.93610341e-01 -5.69634534e-01
-9.30042210e-02 -6.16424059e-01
-7.31916606e-01 9.69620796e-01
-1.93774027e-01 -9.94607562e-01
-5.93089519e-01 5.38768845e-01
-4.75373319e-01 -2.71171546e-01
5.00729345e-01 -4.83814029e-02
-4.39182484e-01 -3.93584862e-01
-2.96180511e-02 -2.18396030e-01
9.61474400e-01 -2.34037466e-01
9.23314387e-01 -4.92711749e-01
4.49579882e-01 3.86847543e-01
8.24537111e-02 4.62886421e-01
-4.46217592e-01 -3.45194965e-01
-6.78695982e-01 8.34830014e-01
9.39850826e-01 -4.21647341e-01
3.21371711e-02 7.41051362e-02
-7.68268775e-01 1.04529780e+00
2.46979511e-01 8.85568116e-01
5.53366229e-01 -4.03647470e-01
2.26006602e-01 1.02458244e+00
8.34595410e-01 -8.21775950e-01
-9.20814247e-01 4.37252674e-01
5.71785265e-02 1.49658061e-01
-8.13282342e-02 -4.46998738e-01
-8.75300842e-01 7.31725260e-01
2.82656338e-01 8.37785018e-01
7.05265677e-01 -8.83725858e-01
1.85882036e-01 8.49831533e-01
-4.79805105e-01 -2.39166859e-01
6.79763042e-01 -8.94619057e-01
1.89917630e-02 1.01198731e-01
2.17777689e-02 1.56669557e-01
5.06060415e-01 -1.98644317e-01
-7.04155928e-01 1.14002358e+00
6.39253438e-01 -8.27780619e-01
3.66573812e-01 5.89569154e-01
5.74193883e-01 -3.87587545e-01
-6.16767482e-01 6.34120798e-01
6.04728322e-01 -5.79071517e-01
-6.17352148e-01 6.38364276e-01
-8.36894765e-01 8.48646917e-01
7.10453949e-01 -9.44711260e-01
7.22566992e-01 -1.05984690e+00
7.53074193e-01 -9.31939498e-01
-5.61805613e-02 -3.92697705e-01
-4.51903223e-01 -3.84590865e-01
-9.85816343e-01 9.67038706e-02
2.91441791e-01 1.01079468e+00
4.39818767e-01 3.46275135e-01
6.71138433e-01 -9.65982188e-01
-4.36244345e-01 -3.27981848e-01
-5.69563666e-01 2.47264169e-01
2.78662760e-01 8.80740548e-01
6.10109666e-01 -6.34002474e-01
9.27341746e-01 -5.76937838e-01
-6.98950339e-01 9.51797241e-01
-3.55752236e-02 -2.27155315e-01
7.89431724e-01 -8.79590973e-01
-1.54566186e-01 -9.17024450e-01
1.79004124e-01 8.39554487e-01
-9.51018645e-01 3.36241794e-01
3.46919774e-01 5.74484194e-01
8.38177239e-01 -5.40404876e-01
6.53650659e-01 -8.92150547e-01
7.71040533e-01 -1.06425760e+00
3.20710761e-01 9.89029323e-01
-5.08895466e-01 5.18795785e-02
5.37033998e-01 -4.08540151e-01
-5.76650515e-01 5.25898834e-01
6.62549669e-01 -7.67265402e-01
-8.74564155e-01 6.64045909e-01
6.50975627e-01 -8.40764957e-01
-6.70985467e-01 9.27871279e-01
-2.49706007e-01 -1.09087632e+00
-3.66523667e-01 -6.99906879e-01
3.82674071e-01 6.92133015e-01
-6.42856244e-01 7.14334698e-01
-2.07487676e-01 -1.10374717e+00
-9.88350810e-01 5.05681007e-02
-4.75010574e-01 -2.43911067e-01
-1.57622372e-01 -7.36088226e-01
-7.88157527e-01 9.85805715e-01
2.66319892e-01 1.07295574e+00
-2.39151460e-01 -9.84215582e-01
4.50587876e-01 3.31792055e-01
3.07732022e-01 8.56627836e-01
-1.37546502e-01 -6.93790948e-01
7.34641011e-01 -8.16877335e-01
2.64270235e-01 9.65014252e-01
6.20548704e-01 -7.46333685e-01
-3.16410552e-01 -9.29982472e-01
8.73385793e-02 4.73505489e-01
-6.07406230e-01 5.54634807e-01
9.92282380e-01 -3.46528692e-02
-5.13569071e-01 5.60619888e-02
-4.86265066e-01 5.76953005e-02
-8.53619855e-01 7.95460350e-01
-4.84393762e-01 -6.55086244e-02
5.26257065e-01 -6.90284484e-02
3.95787141e-01 5.78916075e-01
-7.42653575e-01 1.14260852e+00
-2.47522997e-01 -1.06314831e+00
-1.58157211e-01 -9.18900121e-01
3.29968493e-01 8.39775332e-01
-8.81420739e-02 -5.37405823e-01
1.73036654e-01 7.45206593e-01
6.79369207e-01 -9.06641900e-01
4.52947221e-01 1.24604759e-01
-2.69985473e-01 -8.52912297e-01
-1.03207381e-01 -6.12068263e-01
-2.64600861e-01 -1.05999062e+00
-7.80530672e-01 8.90823192e-01
-5.93516912e-01 5.15908873e-01
-4.32387022e-01 -4.34469171e-01
-3.71732209e-01 -8.25926230e-01
-3.73904282e-01 -8.03937640e-01
1.53399433e-01 8.02668663e-01
9.43379951e-01 -4.00375869e-01
5.49328270e-01 -2.11078910e-01
5.82267896e-01 -3.80404336e-01
5.18537001e-01 -1.14606137e-01
1.93975461e-01 9.86040666e-01
8.35384514e-01 -9.93028522e-01
3.79260311e-01 7.51669429e-01
7.12861474e-04 1.42067881e-03
-8.45832383e-01 8.72596402e-01
-2.31015458e-02 1.53934795e-02
-5.74338009e-01 2.22194746e-01
-7.34607405e-01 1.02142161e+00
1.21298451e-02 -3.37716033e-02
5.70170585e-01 -3.67529188e-01
-4.09987114e-01 -6.67226496e-01
5.37543520e-01 -2.83251200e-01
5.12590463e-02 3.36804260e-01
-7.01903953e-01 1.01603605e+00
9.29935488e-01 -4.18666611e-01
-1.96727552e-01 -1.02378520e+00
-4.09531489e-01 -5.93663176e-01
6.93996741e-01 -8.50276512e-01
-7.51079335e-01 9.99427043e-01
4.67180922e-01 3.63686175e-02
-6.24350515e-01 7.88581586e-01
-2.15016448e-01 -9.34314453e-01
-5.36200243e-01 3.12838253e-01
6.82455985e-01 -9.44952183e-01
-2.19850896e-01 -8.99295620e-01
9.49385626e-01 -4.18792469e-01
2.50522969e-01 1.05699458e+00
3.87245669e-01 6.01624321e-01
4.30502443e-02 3.34641388e-01
-3.82063602e-01 -5.74473616e-01
-2.08887158e-01 -1.04041963e+00
8.81868375e-01 -6.81065465e-01
-5.97593599e-01 5.79381767e-01
9.76437802e-01 -2.85389652e-02
5.16611724e-01 -3.31293241e-02
-2.80426147e-01 -1.10370976e+00
2.83027179e-01 1.02430656e+00
-2.38036921e-01 -9.22667427e-01
-2.37014135e-01 -7.84292581e-01
7.60590039e-03 -1.20143816e-01
-9.66554357e-01 1.54966653e-01
-1.28568801e-02 5.26427907e-02
9.43196827e-01 -4.84882851e-01
-4.29069542e-01 -5.51007877e-01
4.96435918e-01 7.41001346e-02
-1.14422220e-01 -5.56743519e-01
-5.81437915e-01 4.22783011e-01
8.10005142e-01 -8.75751876e-01
-9.66345431e-01 2.21581072e-01
-3.92982147e-01 -4.71000638e-01
9.98051765e-01 -1.23926620e-02
-4.75706408e-01 -5.30243625e-02
6.98089044e-01 -1.03758950e+00
2.11366297e-01 9.52194487e-01
6.12071415e-01 -6.57068460e-01
2.60635511e-01 1.11167884e+00
-2.74606286e-01 -9.30110998e-01
5.21577569e-01 -2.10336228e-01
-9.47030902e-01 3.94901302e-01
-1.06374097e-01 -5.42642962e-01
-2.56290860e-01 -1.01038350e+00
-4.58519887e-02 -3.09893963e-01
-7.44758627e-01 9.80077449e-01
-5.54986268e-01 1.69157499e-01
